3 6.062349163084611 2.379370036023780 2.462183819921781
4 2.604964637158476 2.847001422577088 1.613990284096678
5 4.880172423312217 9.851665833768786 2.209111229275750
6 9.458866124400236 2.808873305462766 3.075526966944077
7 4.190528750379348 5.266021055115564 2.047078100703378
8 3.502311975790913 1.937426802634906 1.871446492900856
9 2.643723748966899 7.893720047944560 1.625953181665111
10 2.494646990566936 9.297854677131163 1.579445152756795
11 2.705364948964239 7.765092180961264 1.644799364349415
12 2.711890042855351 1.426352710337504 1.646781722893278
13 6.438599972346853 2.903771763148769 2.537439649005834
14 5.413207273092907 2.746091899749582 2.326630024970216
15 1.879485072673026 1.332668489772361 1.370943132545266
16 3.146819473477597 4.705730923929361 1.773927696800971
17 1.995164678720840 1.210852461346208 1.412502983614845
18 2.863232929426518 4.286547152116056 1.692109018186038
19 2.722141566196317 3.120967675713070 1.649891380120618
20 3.543561579204818 7.113378120156280 1.882435013275310
21 3.574935803586137 7.785728296367918 1.890750063754101
22 8.849772281725507 1.453216428237918 2.974856682552204
23 1.980084677835622 8.502314268148735 1.407154816584026
24 6.414192618828542 5.765511974318050 2.532625637323555
25 7.082446371357980 3.900983284928932 2.661286600754977
26 1.359401068230996 2.547595392772387 1.165933560813392
27 1.919349497143276 2.366321986700787 1.385405896170244
28 2.553154611090669 8.247693560348232 1.597859384016838
29 2.242741344198681 6.179502142599867 1.497578493501653
30 4.159888750582351 9.388330053526456 2.039580532997496
31 6.026495261323994 3.241711781742058 2.454892107878469
32 3.628335381495065 3.704050695726110 1.904818989168017
33 5.247116610933855 8.337958511571935 2.290658553982643
34 4.954865973786962 8.976610138412296 2.225952823800847
35 2.236526911266569 4.261612208599198 1.495502227101842
36 5.985237595648226 2.735182088755510 2.446474523809358
37 8.609669173760883 8.570680971242341 2.934223777042386
38 7.635798951572767 4.861828300279056 2.763294944730433
39 6.351082953568023 8.824678607404266 2.520135503017253
40 5.569509363241485 4.580776800485800 2.359980797218800
41 3.058068223382117 7.584140193157195 1.748733319686600
42 3.255538235577088 8.070498579848502 1.804311014092938
43 4.771000313066120 1.189070526770076 2.184261960724061
44 9.228086639317116 1.830498238497300 3.037776594701644
45 6.706510758170066 3.108880730482995 2.589693178384278
46 2.458686630774205 3.023841979578707 1.568019971420710
47 1.369112786144305 1.421726722864783 1.170090930716201
48 5.179861787416773 6.259269927877451 2.275930971584326
49 9.102863383468696 6.403831088220177 3.017095189659865
50 5.617987082187769 8.510182094018393 2.370229331138185
51 6.845936423739047 3.927539447598562 2.616474044155425
52 3.569783525573524 3.556829010804832 1.889387076692737
53 8.797627742106135 8.425146101300943 2.966079523901228
54 4.586175063055478 7.696681011537014 2.141535678679082
55 8.202048355076117 6.040901768366426 2.863921848632766
56 3.490371458669251 6.609158712295961 1.868253585215147
57 7.869906876497720 9.764117814962745 2.805335430300220
58 5.361647266855213 7.226815750010752 2.315523108685209
59 4.869485599607644 6.144573617040489 2.206691097459643
60 4.585756561887459 8.106803986770760 2.141437965920904
61 4.217396625685325 5.786107627665176 2.053630109266351
62 9.784599831311823 4.332195213631382 3.128034499699743
63 7.575996699440621 4.720864338168211 2.752452851447345
64 2.420331072660456 1.719649937053065 1.555741325754528
65 4.930505765164869 9.683594283186451 2.220474220783675
66 2.803417768573427 3.696663945830058 1.674340995309327
67 9.889749198020901 8.105174626024757 3.144797163255669
68 2.478272023650510 7.627318374361050 1.574252846162429
69 3.745330796290625 3.333006801194014 1.935285714381891
70 8.148926765723216 4.890716575762100 2.854632509750286
71 3.191658560722992 5.519701355489537 1.786521357477428
72 1.037056188623475 3.819591419671248 1.018359557633489
73 9.671677883743451 1.426160762934728 3.109932134909611
74 6.421581531771634 4.800550501656187 2.534083963046930
75 7.595627053836158 8.251108967185386 2.756016519151538
76 7.725811025702066 3.335478966233484 2.779534318137135
78 4.330103304300653 7.619566867665724 2.080890026959775
80 6.182464495689240 4.417103805405596 2.486456212300800
82 3.565230301840494 5.033549566425043 1.888181744917711
84 8.443846811529619 4.383660522504944 2.905829797412371
86 7.438704557030995 2.212911142289379 2.727398862841846
88 8.536119227920608 6.128173075275111 2.921663777357109
90 1.593065727458910 8.975333500504483 1.262167075889286
92 5.454100320932258 7.391267331594690 2.335401533127067
94 5.872536700145703 1.412776657862397 2.423331735471993
96 4.029930011823922 8.015500155150731 2.007468558115898
98 2.782491536175854 4.036620924486308 1.668080194767582
100 7.780874119934365 4.130501806266555 2.789421825385032
102 2.886711702704734 8.193000439529861 1.699032578470682
104 9.526470657401989 6.212079785914506 3.086498122047378
106 1.651352928170429 3.589344263766542 1.285049776534134
108 3.765782600773371 4.061976252183236 1.940562444440624
110 8.483655766730086 9.048018092277808 2.912671585800584
112 2.334431290304734 2.332080696774591 1.527884580164593
114 2.682493000530571 2.291415685947389 1.637831798607711
116 3.102829000196943 6.058152527095716 1.761484885032211
118 4.083348751501289 5.381001205280277 2.020729757167269
120 1.012383286825127 8.254336432954675 1.006172592960635
121 6.667319254968065 4.393171398668029 2.582115267560313
122 6.260131624832801 8.206736960546049 2.502025504432919
123 2.499027866439450 9.216477008469885 1.580831384569350
125 2.798090413054699 5.211945364074143 1.672749357511369
